0.000000000000000000e+00
2.000000000000000000e+00
4.000000000000000000e+00
8.000000000000000000e+00
3.000000000000000000e+00
6.000000000000000000e+00
6.200000000000000000e+01
5.600000000000000000e+01
6.000000000000000000e+01
5.500000000000000000e+01
5.900000000000000000e+01
2.500000000000000000e+01
5.000000000000000000e+00
7.000000000000000000e+00
5.800000000000000000e+01
6.600000000000000000e+01
1.200000000000000000e+02
1.320000000000000000e+02
1.170000000000000000e+02
1.190000000000000000e+02
1.300000000000000000e+02
1.230000000000000000e+02
1.260000000000000000e+02
1.010000000000000000e+02
1.250000000000000000e+02
1.240000000000000000e+02
1.060000000000000000e+02
1.270000000000000000e+02
1.310000000000000000e+02
1.040000000000000000e+02
1.030000000000000000e+02
1.160000000000000000e+02
