6.115536340000000265e-02
3.285019069999999854e-04
1.444413450000000057e-02
8.322384080000000059e-03
1.079514359999999944e-02
1.061008920000000013e-03
7.713127200000000246e-03
9.314107370000000111e-04
8.350049680000000765e-03
1.530675049999999913e-04
1.119118850000000074e-05
2.460823029999999951e-05
4.428707440000000019e-05
7.800670799999999622e-04
4.292170739999999962e-04
1.160595130000000047e-04
2.728323509999999860e-04
2.336184089999999904e-04
2.965371919999999886e-05
2.256482389999999989e-04
1.291437269999999886e-04
1.040025310000000040e-04
9.539213800000000164e-06
3.364764989999999799e-06
1.359794079999999896e-04
1.071709159999999911e-03
1.026645859999999945e-04
4.460552740000000207e-06
2.825318969999999759e-04
2.965703639999999903e-05
1.915472360000000066e-05
4.898646690000000079e-05
7.019454859999999441e-05
4.388723909999999915e-04
1.004674819999999939e-05
1.083292890000000030e-05
7.801323190000000306e-05
1.669876580000000056e-04
1.215318170000000006e-05
1.564134730000000021e-04
2.800285030000000056e-05
3.980131080000000147e-04
1.773606000000000007e-06
1.389250980000000037e-05
5.200292400000000382e-06
3.932562169999999769e-04
6.532155499999999838e-05
6.950788439999999496e-05
2.063641439999999919e-05
1.767303279999999873e-05
2.217892089999999919e-04
7.740175799999999947e-09
6.867747410000000152e-06
2.120476450000000022e-05
4.127614600000000195e-05
1.586993679999999969e-03
2.360005029999999969e-03
5.742215280000000348e-04
8.416534469999999895e-04
1.117016840000000085e-03
1.842463709999999895e-03
5.258586979999999543e-04
2.945299430000000197e-03
1.242817909999999952e-04
1.180752760000000054e-04
2.053247490000000036e-05
8.185611860000000005e-04
9.638066900000000561e-05
1.488535319999999946e-04
1.822435450000000007e-04
0.000000000000000000e+00
5.160983359999999492e-04
4.418169749999999933e-04
6.473883039999999941e-05
4.055277130000000058e-04
2.002339250000000092e-04
7.141860209999999795e-05
1.207157820000000047e-04
0.000000000000000000e+00
1.466099869999999984e-05
0.000000000000000000e+00
1.424894489999999894e-03
2.307678130000000021e-06
4.886737870000000148e-04
3.027625050000000141e-05
7.035266930000000493e-05
1.489179970000000007e-03
1.183506049999999985e-03
4.195892910000000378e-03
5.264392109999999894e-04
5.528696999999999608e-09
6.390300199999999868e-04
1.905355949999999960e-03
5.232205139999999630e-03
2.273664480000000144e-03
4.746718090000000159e-05
0.000000000000000000e+00
1.379403269999999971e-03
3.792332299999999815e-04
1.999906619999999987e-04
3.385642459999999802e-03
2.092292810000000169e-02
1.380626209999999959e-05
1.111323720000000070e-02
1.154601799999999991e-02
6.076469239999999833e-04
1.541912240000000052e-02
1.525367500000000028e-04
4.171844180000000194e-05
4.701603929999999658e-06
9.373021169999999581e-04
4.016631540000000010e-04
5.166998579999999537e-04
6.556765949999999663e-03
7.216448969999999900e-03
2.105327820000000021e-05
9.296821349999999720e-03
8.455940480000000148e-02
3.068425730000000178e-03
4.915828989999999898e-02
1.669809959999999927e-01
7.665991740000000334e-04
1.967008660000000089e-03
2.524888250000000001e-02
1.600509899999999833e-02
1.908964529999999937e-02
2.410772850000000161e-02
1.385858459999999952e-02
3.661092090000000196e-04
1.379819019999999931e-04
3.712664549999999952e-02
1.190354230000000013e-02
1.133873720000000002e-01
1.696150059999999979e-03
0.000000000000000000e+00
0.000000000000000000e+00
0.000000000000000000e+00
0.000000000000000000e+00
0.000000000000000000e+00
0.000000000000000000e+00
0.000000000000000000e+00
0.000000000000000000e+00
0.000000000000000000e+00
0.000000000000000000e+00
0.000000000000000000e+00
0.000000000000000000e+00
0.000000000000000000e+00
0.000000000000000000e+00
0.000000000000000000e+00
0.000000000000000000e+00
0.000000000000000000e+00
0.000000000000000000e+00
0.000000000000000000e+00
0.000000000000000000e+00
0.000000000000000000e+00
0.000000000000000000e+00
0.000000000000000000e+00
0.000000000000000000e+00
0.000000000000000000e+00
0.000000000000000000e+00
0.000000000000000000e+00
0.000000000000000000e+00
0.000000000000000000e+00
0.000000000000000000e+00
0.000000000000000000e+00
0.000000000000000000e+00
0.000000000000000000e+00
0.000000000000000000e+00
0.000000000000000000e+00
0.000000000000000000e+00
0.000000000000000000e+00
0.000000000000000000e+00
0.000000000000000000e+00
0.000000000000000000e+00
0.000000000000000000e+00
0.000000000000000000e+00
0.000000000000000000e+00
0.000000000000000000e+00
0.000000000000000000e+00
0.000000000000000000e+00
0.000000000000000000e+00
0.000000000000000000e+00
0.000000000000000000e+00
0.000000000000000000e+00
0.000000000000000000e+00
0.000000000000000000e+00
0.000000000000000000e+00
0.000000000000000000e+00
0.000000000000000000e+00
0.000000000000000000e+00
0.000000000000000000e+00
0.000000000000000000e+00
0.000000000000000000e+00
0.000000000000000000e+00
0.000000000000000000e+00
0.000000000000000000e+00
0.000000000000000000e+00
0.000000000000000000e+00
0.000000000000000000e+00
0.000000000000000000e+00
0.000000000000000000e+00
0.000000000000000000e+00
0.000000000000000000e+00
0.000000000000000000e+00
0.000000000000000000e+00
0.000000000000000000e+00
0.000000000000000000e+00
0.000000000000000000e+00
0.000000000000000000e+00
0.000000000000000000e+00
0.000000000000000000e+00
0.000000000000000000e+00
0.000000000000000000e+00
0.000000000000000000e+00
0.000000000000000000e+00
0.000000000000000000e+00
0.000000000000000000e+00
0.000000000000000000e+00
0.000000000000000000e+00
0.000000000000000000e+00
0.000000000000000000e+00
0.000000000000000000e+00
0.000000000000000000e+00
0.000000000000000000e+00
0.000000000000000000e+00
0.000000000000000000e+00
0.000000000000000000e+00
0.000000000000000000e+00
0.000000000000000000e+00
0.000000000000000000e+00
0.000000000000000000e+00
0.000000000000000000e+00
0.000000000000000000e+00
0.000000000000000000e+00
0.000000000000000000e+00
0.000000000000000000e+00
0.000000000000000000e+00
0.000000000000000000e+00
0.000000000000000000e+00
0.000000000000000000e+00
0.000000000000000000e+00
0.000000000000000000e+00
0.000000000000000000e+00
0.000000000000000000e+00
0.000000000000000000e+00
0.000000000000000000e+00
0.000000000000000000e+00
0.000000000000000000e+00
0.000000000000000000e+00
0.000000000000000000e+00
0.000000000000000000e+00
0.000000000000000000e+00
0.000000000000000000e+00
0.000000000000000000e+00
0.000000000000000000e+00
1.862013849999999970e-01
